odd.xsm
1536
24





file2.dat
512
26





file3.dat
0
27





file1.dat
512
28





even.xsm
512
33





-1
0
-1





-1
0
-1





-1
0
-1





-1
0
-1





-1
0
-1





-1
0
-1





-1
0
-1





-1
0
-1





-1
0
-1





-1
0
-1





-1
0
-1





-1
0
-1





-1
0
-1





-1
0
-1





-1
0
-1





-1
0
-1





-1
0
-1





-1
0
-1





-1
0
-1





-1
0
-1





-1
0
-1





-1
0
-1





-1
0
-1





-1
0
-1





-1
0
-1





-1
0
-1





-1
0
-1





-1
0
-1





-1
0
-1





-1
0
-1





-1
0
-1





-1
0
-1





-1
0
-1





-1
0
-1





-1
0
-1





-1
0
-1





-1
0
-1





-1
0
-1





-1
0
-1





-1
0
-1





-1
0
-1





-1
0
-1





-1
0
-1





-1
0
-1





-1
0
-1





-1
0
-1





-1
0
-1





-1
0
-1





-1
0
-1





-1
0
-1





-1
0
-1





-1
0
-1





-1
0
-1





-1
0
-1





-1
0
-1





-1
0
-1





-1
0
-1





-1
0
-1





-1
0
-1





